loss1,loss2,loss3,loss4,loss5,loss6,loss7
3.053788, 0.8877018, 0.19609785, 0.7565158, 0.13961644, 0.9517525, 0.122103795
2.4015388, 0.53290975, 0.14457954, 0.57342243, 0.13475507, 0.8918752, 0.12399675
1.9707432, 0.44767287, 0.16516644, 0.40268722, 0.13808294, 0.67826504, 0.13886853
1.5798682, 0.30936927, 0.10127725, 0.34949213, 0.09141382, 0.6288728, 0.09944292
1.3382688, 0.27755743, 0.10489381, 0.28063798, 0.087686256, 0.47467217, 0.11282113
1.0719463, 0.21524373, 0.072689086, 0.2632748, 0.060270466, 0.36948526, 0.09098289
0.9809578, 0.21297084, 0.07585977, 0.2214787, 0.05728989, 0.3031801, 0.110178486
1.032674, 0.21969886, 0.063171595, 0.2873058, 0.04927221, 0.3075385, 0.10568705
0.8840582, 0.214212, 0.05809534, 0.21618725, 0.045657277, 0.23779464, 0.11211169
0.89856875, 0.18865173, 0.042619415, 0.25285086, 0.037975796, 0.2643845, 0.11208641
0.6510196, 0.15404746, 0.03673908, 0.17744948, 0.032307193, 0.1488823, 0.1015941
0.6790345, 0.15599953, 0.040091828, 0.18646893, 0.039789885, 0.15541631, 0.10126796
0.62071717, 0.1486906, 0.04175798, 0.16216561, 0.03968504, 0.13379866, 0.09461926
0.69556475, 0.17747045, 0.036126927, 0.19831058, 0.031171886, 0.1730161, 0.079468764
0.41890085, 0.11383283, 0.028669214, 0.10480489, 0.0265218, 0.07787443, 0.067197695
0.5288037, 0.14381038, 0.031726338, 0.13807504, 0.030560607, 0.12239816, 0.062233176
0.3711142, 0.117488295, 0.025270602, 0.093452305, 0.020432077, 0.07394767, 0.04052326
0.4033118, 0.12428932, 0.023334296, 0.1031983, 0.0213463, 0.091619715, 0.03952384
0.4167797, 0.123839304, 0.024190411, 0.107281834, 0.02051999, 0.10646825, 0.03447989
0.3418629, 0.10328855, 0.019642908, 0.082393825, 0.016816838, 0.08970764, 0.03001312
0.34542346, 0.10899368, 0.028703338, 0.07040694, 0.021297187, 0.0812989, 0.034723386
0.46231407, 0.12900253, 0.03446462, 0.10328874, 0.028724987, 0.12407941, 0.04275378
0.36059994, 0.10262075, 0.01764483, 0.09757707, 0.014570169, 0.10591122, 0.022275882
0.32226902, 0.099168986, 0.019525494, 0.081291616, 0.017991647, 0.07845113, 0.02584015
0.31544557, 0.09157147, 0.021682171, 0.075407945, 0.018823681, 0.076385364, 0.031574935
0.3348339, 0.10068874, 0.024118109, 0.08103393, 0.018116992, 0.08569436, 0.025181754
0.33631453, 0.0970234, 0.024126131, 0.08207538, 0.019212082, 0.0889701, 0.024907442
0.29987246, 0.090914905, 0.017190749, 0.07287654, 0.014313608, 0.08333276, 0.021243865
0.28684497, 0.08802618, 0.01829123, 0.06578496, 0.014765227, 0.074435726, 0.025541674
0.21621376, 0.073097296, 0.015057202, 0.042660646, 0.012244531, 0.048446603, 0.024707474
0.2301365, 0.07205663, 0.013734523, 0.05634863, 0.010821399, 0.058142647, 0.019032657
0.2639372, 0.07906174, 0.016932283, 0.064290255, 0.01479899, 0.06616944, 0.022684488
0.21637826, 0.06932014, 0.01747581, 0.048451766, 0.013673576, 0.045081217, 0.022375748
0.3414241, 0.09401092, 0.022500496, 0.08905557, 0.019144028, 0.09183541, 0.024877664
0.17622565, 0.059638474, 0.012840512, 0.041010275, 0.009674085, 0.034745194, 0.0183171
0.27592185, 0.07717744, 0.019374799, 0.069259346, 0.017616892, 0.06664526, 0.025848124
0.17465451, 0.060298115, 0.01240656, 0.04235299, 0.009609695, 0.032171406, 0.017815754
0.19160217, 0.061558977, 0.012010161, 0.04631661, 0.009772069, 0.04627349, 0.015670883
0.20042415, 0.0566808, 0.012843181, 0.048230372, 0.0105697345, 0.053982977, 0.018117089
0.15167947, 0.047845405, 0.01014448, 0.033504225, 0.0076042362, 0.036345664, 0.01623546
0.27187943, 0.07402627, 0.020999007, 0.066390894, 0.01788631, 0.0681207, 0.02445624
0.20892711, 0.061849073, 0.013197326, 0.05275005, 0.009993925, 0.053072818, 0.018063918
0.18285568, 0.048714846, 0.011129413, 0.041141227, 0.008631356, 0.053919572, 0.019319266
0.2521558, 0.06808593, 0.016653653, 0.05437199, 0.013039768, 0.07281193, 0.02719252
0.15961197, 0.055028632, 0.011841128, 0.03418966, 0.006662247, 0.036040768, 0.015849534
0.21578373, 0.054700546, 0.015640646, 0.05123667, 0.011519652, 0.06280164, 0.019884568
0.28777075, 0.06169505, 0.01799421, 0.07207549, 0.018523343, 0.095562585, 0.021920096
0.17000203, 0.047646817, 0.009615224, 0.041698873, 0.008129152, 0.050667137, 0.012244834
0.25156733, 0.05910048, 0.0144175915, 0.06728137, 0.01359765, 0.082806535, 0.014363702
0.22967137, 0.054675158, 0.014960932, 0.06292408, 0.014721196, 0.065529965, 0.016860047
0.1555225, 0.042924665, 0.009579245, 0.03972114, 0.008641217, 0.040193327, 0.014462922
0.21450402, 0.05351492, 0.012451537, 0.06017318, 0.012554891, 0.056427605, 0.019381892
0.18532462, 0.043905906, 0.012014902, 0.052422088, 0.012691223, 0.04458712, 0.019703375
0.2733797, 0.067636, 0.017922282, 0.07560679, 0.01568866, 0.07513209, 0.021393908
0.1342515, 0.04015852, 0.009198824, 0.037709266, 0.00774024, 0.026492331, 0.012952335
0.21591567, 0.053466722, 0.015139071, 0.05564592, 0.013425234, 0.05898669, 0.019252013
0.12893437, 0.042729195, 0.009144526, 0.031520586, 0.006060809, 0.028451899, 0.011027359
0.14979893, 0.043824136, 0.009347471, 0.037656512, 0.0070258067, 0.04112676, 0.010818248
0.15985277, 0.04065819, 0.009831428, 0.042661577, 0.008637145, 0.044789545, 0.013274885
0.120652094, 0.03386574, 0.007910773, 0.030160766, 0.0067712646, 0.030855572, 0.011087973
0.13763045, 0.03973429, 0.01037621, 0.032464907, 0.0087814545, 0.032994956, 0.013278624
0.12301037, 0.035707094, 0.007430901, 0.03261933, 0.0064409478, 0.032006413, 0.008805688
0.12647507, 0.033379853, 0.008645259, 0.029654397, 0.007859474, 0.034061883, 0.012874208
0.13875422, 0.039136596, 0.012102051, 0.030822845, 0.0093919, 0.033053603, 0.014247227
0.20957193, 0.06410954, 0.014260385, 0.0460067, 0.010086168, 0.05907869, 0.016030442
0.18070841, 0.052876916, 0.015993014, 0.040619783, 0.010983653, 0.04589698, 0.014338054
0.16584082, 0.05012209, 0.01149293, 0.040220365, 0.009016407, 0.043088935, 0.011900086
0.13060196, 0.038522586, 0.009961214, 0.02934283, 0.0071469382, 0.034326356, 0.011302024
0.17982015, 0.047795538, 0.013885286, 0.041592836, 0.010897601, 0.05066155, 0.014987353
0.12119778, 0.033667788, 0.009865877, 0.02922632, 0.0075325184, 0.030083815, 0.01082146
0.115140945, 0.03254818, 0.007870968, 0.027824784, 0.006209598, 0.029970234, 0.01071718
0.13555513, 0.04134432, 0.010392029, 0.032143645, 0.008271146, 0.031240987, 0.01216301
0.121972844, 0.033839293, 0.010122757, 0.02789791, 0.00825409, 0.029464671, 0.0123941265
0.20336352, 0.056673154, 0.01552041, 0.04683797, 0.011538038, 0.058041155, 0.014752786
0.09827121, 0.029732909, 0.0073099975, 0.022302493, 0.0055353837, 0.025936242, 0.007454179
0.17372368, 0.04384442, 0.013051061, 0.043914348, 0.01145521, 0.04763203, 0.013826626
0.11411576, 0.03390816, 0.007231962, 0.025629047, 0.0054920437, 0.031206245, 0.010648304
0.123465106, 0.03745231, 0.007765251, 0.028560515, 0.005410595, 0.034642357, 0.009634076
0.12678857, 0.03254355, 0.007667175, 0.031335868, 0.007014052, 0.035747334, 0.01248058
0.0941484, 0.027912594, 0.006262273, 0.02040582, 0.0050698556, 0.024656907, 0.009840951
0.19129099, 0.04869023, 0.01433236, 0.04630302, 0.012953237, 0.052563444, 0.016448697
0.10112243, 0.027643621, 0.0071355896, 0.025090763, 0.00668954, 0.024860755, 0.009702158
0.08566445, 0.026095888, 0.0060005584, 0.020304922, 0.004576928, 0.021418221, 0.007267938
0.1363882, 0.041764665, 0.010620062, 0.028976943, 0.007809815, 0.034004223, 0.013212485
0.110680036, 0.029305965, 0.00714898, 0.02803932, 0.006426469, 0.030380849, 0.009378454
0.13079695, 0.03824841, 0.008399428, 0.030208316, 0.006488329, 0.036962822, 0.010489648
0.12711678, 0.038195677, 0.009688027, 0.027434383, 0.006741557, 0.033987176, 0.011069974
0.088026084, 0.029509982, 0.0068544336, 0.018109312, 0.004279132, 0.02297682, 0.006296401
0.17668581, 0.0636007, 0.014637063, 0.03670986, 0.009618101, 0.038186483, 0.013933599
0.1492317, 0.037496988, 0.00915211, 0.037762206, 0.008567071, 0.04399862, 0.012254703
0.09856422, 0.030033678, 0.0081358, 0.02142329, 0.0054443837, 0.02447003, 0.009057038
0.11500652, 0.03685713, 0.00967533, 0.02363088, 0.0062623713, 0.027574413, 0.011006398
0.114527196, 0.031215312, 0.010037484, 0.023473762, 0.007139316, 0.02904735, 0.013613968
0.18993866, 0.05698859, 0.016169103, 0.04119981, 0.010590972, 0.04985602, 0.015134178
0.07809378, 0.024311734, 0.006303449, 0.017332144, 0.0044665625, 0.018770127, 0.006909769
0.14644773, 0.039684307, 0.012675233, 0.03184046, 0.00940766, 0.040427484, 0.012412588
0.088286296, 0.027542628, 0.006149007, 0.022183053, 0.0046855872, 0.020124305, 0.0076017086
0.096879445, 0.03163463, 0.0063835764, 0.023089763, 0.004729218, 0.024130445, 0.0069118207
0.101612136, 0.028188929, 0.0069141565, 0.02479798, 0.0062844306, 0.026252745, 0.00917389
0.08441698, 0.025224578, 0.005725445, 0.018009093, 0.00488109, 0.022282306, 0.008294471
0.15442094, 0.037444383, 0.012506864, 0.035923406, 0.011470208, 0.04199408, 0.015081999
0.07637961, 0.027083699, 0.005727083, 0.015541581, 0.004083478, 0.017572105, 0.0063716657
0.18387239, 0.061916128, 0.018729372, 0.03972494, 0.013279522, 0.035366125, 0.014856297
0.097871706, 0.02886235, 0.009602998, 0.020578496, 0.0062916605, 0.022330977, 0.010205224
0.089628115, 0.028285418, 0.0070991665, 0.018132363, 0.004227349, 0.023792036, 0.008091785
0.1581084, 0.05246938, 0.013429641, 0.034391973, 0.007743409, 0.0379793, 0.012094691
0.15350199, 0.05781433, 0.015237981, 0.030161329, 0.008268576, 0.030251108, 0.011768667
0.11630912, 0.038747564, 0.008039991, 0.027752932, 0.005380448, 0.028477734, 0.007910451
0.07302443, 0.022811223, 0.0058736415, 0.016676048, 0.0041335123, 0.017408514, 0.006121491
0.088168845, 0.026769932, 0.0062224604, 0.018936988, 0.0053819446, 0.021755513, 0.009102001
0.0826742, 0.026426608, 0.0062556043, 0.018757345, 0.0043993415, 0.019879704, 0.0069556013
0.09538783, 0.03305086, 0.0080815, 0.020204982, 0.0051908125, 0.020577215, 0.008282462
0.096373536, 0.028947795, 0.008472199, 0.020536155, 0.0062319944, 0.021854116, 0.010331274
0.16333383, 0.050767258, 0.013857175, 0.03392134, 0.009426422, 0.04263128, 0.012730366
0.07492949, 0.023318563, 0.0057414044, 0.0181619, 0.0050882846, 0.016694792, 0.005924549
0.12224828, 0.038010664, 0.012288257, 0.025109159, 0.007905485, 0.02822102, 0.0107136965
0.089200005, 0.024994764, 0.005658365, 0.024646815, 0.0052255923, 0.021107024, 0.007567441
0.08299679, 0.027812902, 0.005608204, 0.019763596, 0.003922078, 0.02031308, 0.0055769286
0.100560315, 0.027014043, 0.0066815726, 0.023893768, 0.0061707264, 0.028737832, 0.008062372
0.07053485, 0.022427717, 0.00516777, 0.0146886865, 0.0038137701, 0.018135794, 0.006301114
0.10086308, 0.036158375, 0.0075377906, 0.021387674, 0.005370531, 0.022268677, 0.008140025
0.08237945, 0.03112321, 0.005510322, 0.015847318, 0.003239902, 0.020421863, 0.0062368335
0.08741274, 0.023146402, 0.0061450293, 0.02275851, 0.005372839, 0.023060555, 0.0069294064
0.08175504, 0.026683936, 0.006303996, 0.017941456, 0.005217066, 0.019641552, 0.0059670345
0.15471466, 0.03205093, 0.008921657, 0.049782626, 0.012450201, 0.041588828, 0.00992042
0.09586325, 0.029266475, 0.009184716, 0.018390855, 0.006713174, 0.021979315, 0.010328721
0.08552971, 0.023401715, 0.0075364094, 0.01889672, 0.0053714057, 0.021994501, 0.008328955
0.08834712, 0.025081838, 0.00816226, 0.02147888, 0.0049887234, 0.021432186, 0.007203236
0.093945466, 0.025265854, 0.005408334, 0.02880241, 0.0050608735, 0.022557354, 0.0068506394
0.09557349, 0.027945103, 0.007235318, 0.022395257, 0.005527885, 0.025308747, 0.007161176
0.08456047, 0.02443036, 0.005153017, 0.01806058, 0.0037036831, 0.026913121, 0.0062997052
0.09003967, 0.029296806, 0.006865545, 0.019957144, 0.005099473, 0.021683883, 0.007136821
0.08768405, 0.024585202, 0.006929412, 0.018727543, 0.0057443418, 0.022270966, 0.009426588
0.15256791, 0.03991452, 0.010682228, 0.037144203, 0.009652556, 0.0423214, 0.012853009
0.07219674, 0.020978767, 0.00525021, 0.015654575, 0.00473065, 0.01879061, 0.0067919297
0.12554842, 0.033833556, 0.011005424, 0.02919338, 0.009186013, 0.031024473, 0.011305583
0.06786922, 0.02288934, 0.005376201, 0.015969295, 0.0037634913, 0.014723957, 0.0051469463
0.083698645, 0.026734777, 0.005682527, 0.020994306, 0.00411297, 0.020735387, 0.0054386756
0.08715294, 0.023409635, 0.0060496833, 0.02229835, 0.0052590882, 0.023483694, 0.0066524874
0.06868784, 0.02145321, 0.0052034743, 0.014965629, 0.0036190515, 0.018342987, 0.0051034875
0.060340885, 0.017997548, 0.0052621793, 0.014201591, 0.0040673274, 0.01381089, 0.0050013466
0.07600728, 0.024380106, 0.005262079, 0.018957004, 0.0039038192, 0.01840548, 0.0050987806
0.119484514, 0.032245778, 0.008828347, 0.03321926, 0.006478748, 0.031212771, 0.0074996105
0.11884149, 0.040079087, 0.009933197, 0.028717935, 0.008109478, 0.02338269, 0.008619106
0.072066195, 0.021343242, 0.0045273127, 0.015706405, 0.0033913911, 0.021836566, 0.00526128
0.13073933, 0.044424906, 0.0103338435, 0.030821692, 0.007791279, 0.029154455, 0.008213153
0.07199447, 0.02402363, 0.004617055, 0.017134067, 0.0033311893, 0.01854421, 0.00434432
0.06259124, 0.018518329, 0.0045653163, 0.015352028, 0.0035841204, 0.015708882, 0.004862562
0.107861735, 0.032501783, 0.0066936873, 0.02351674, 0.005212215, 0.031354878, 0.0085824365
0.10151671, 0.035315126, 0.010715276, 0.023133129, 0.007058764, 0.017952278, 0.0073421365
0.074715465, 0.021839228, 0.0060782274, 0.018641282, 0.004728198, 0.018315068, 0.005113461
0.07656051, 0.024951126, 0.006613428, 0.016961796, 0.0043132254, 0.018150687, 0.0055702482
0.07668137, 0.022858761, 0.007632682, 0.015851106, 0.0048945583, 0.017873278, 0.0075709806
0.13067798, 0.03713385, 0.010453917, 0.030552488, 0.0076878816, 0.035129607, 0.009720242
0.06421646, 0.019126654, 0.0055988063, 0.014175953, 0.0040238136, 0.015939202, 0.0053520305
0.10295876, 0.03026194, 0.010384266, 0.024744997, 0.006680837, 0.023015315, 0.007871405
0.072116405, 0.022268102, 0.0056001167, 0.01951814, 0.0037421884, 0.015798263, 0.0051896013
0.074625805, 0.02421357, 0.0051163845, 0.019566473, 0.003635803, 0.017690457, 0.0044031227
0.090475745, 0.022280857, 0.005701484, 0.02081515, 0.005279871, 0.029380718, 0.0070176623
0.06693571, 0.019652613, 0.004669495, 0.014355136, 0.0038697156, 0.019367993, 0.005020758
0.121851586, 0.035287753, 0.006502748, 0.029408269, 0.005569611, 0.036660586, 0.00842262
0.07404365, 0.024360798, 0.00641955, 0.015492649, 0.0043917266, 0.01729264, 0.006086283
0.063106164, 0.01932675, 0.005738563, 0.015349209, 0.00376884, 0.014297288, 0.0046255114
0.07539559, 0.022003727, 0.0063189073, 0.017175432, 0.005438119, 0.01768244, 0.0067769634
0.06443732, 0.020636793, 0.0046394845, 0.015643971, 0.0039518615, 0.014785726, 0.004779485
0.07000341, 0.027095161, 0.0058835577, 0.015996972, 0.003328723, 0.013591855, 0.0041071507
0.08325214, 0.024472155, 0.004683524, 0.022902098, 0.003667803, 0.022963714, 0.004562845
0.104229234, 0.02948181, 0.005994016, 0.023826178, 0.006081789, 0.030286986, 0.008558459
0.05569598, 0.015370658, 0.0043461304, 0.014192862, 0.0036180352, 0.013392971, 0.004775327
0.060154848, 0.021065677, 0.004537958, 0.014103049, 0.0035619985, 0.012892954, 0.003993209
0.061615013, 0.019876515, 0.0048043355, 0.013994604, 0.0034912499, 0.014826946, 0.0046213614
0.06985426, 0.023721725, 0.00590327, 0.01533232, 0.0040886053, 0.015351748, 0.005456589
0.071047194, 0.020780347, 0.0062781023, 0.015466691, 0.004681604, 0.016925093, 0.0069153556
0.12206863, 0.036261566, 0.009856273, 0.026725039, 0.0071636722, 0.032776427, 0.0092856465
0.05622166, 0.017708283, 0.0044500073, 0.012768654, 0.003657157, 0.013504313, 0.0041332417
0.09804078, 0.028209046, 0.009691638, 0.022784784, 0.0070523242, 0.022545235, 0.007757764
0.06553288, 0.01947115, 0.0045984644, 0.01634907, 0.0037449268, 0.016144842, 0.0052244226
0.071037486, 0.023277324, 0.0049246103, 0.017567884, 0.003522392, 0.017196566, 0.0045487173
0.068080895, 0.018420644, 0.0049017793, 0.017287565, 0.0043373094, 0.017681716, 0.0054518827
0.05849888, 0.017806377, 0.00437696, 0.011712862, 0.0032395008, 0.017203089, 0.004160092
0.07314396, 0.024352238, 0.0059223236, 0.01465257, 0.0044783065, 0.018131627, 0.0056068935
0.06670058, 0.019491106, 0.005596726, 0.01561854, 0.0038617407, 0.01729782, 0.0048346473
0.086288914, 0.024176123, 0.006187657, 0.023125678, 0.005412993, 0.021669857, 0.0057166032
0.07136051, 0.022278063, 0.006824932, 0.015781906, 0.004874574, 0.015210457, 0.0063905804
0.06487832, 0.018980807, 0.00553919, 0.014644754, 0.004008822, 0.016310906, 0.0053938385
0.080518775, 0.023267265, 0.008656057, 0.016752705, 0.004424912, 0.02073843, 0.006679408
0.09498166, 0.034110762, 0.0082498975, 0.021202594, 0.005285876, 0.019568266, 0.006564264
0.07498575, 0.022282904, 0.004821524, 0.017433919, 0.0037181708, 0.021116842, 0.0056123855
0.06993599, 0.018260753, 0.005796156, 0.016458143, 0.0054631196, 0.017922558, 0.006035272
0.07006419, 0.020503389, 0.005557611, 0.015272933, 0.0045791734, 0.019195627, 0.004955456
0.057850696, 0.018553415, 0.004403076, 0.012690628, 0.0030476744, 0.014827836, 0.0043280697
0.06549501, 0.021369722, 0.005262825, 0.013882173, 0.0035874243, 0.015957389, 0.0054354724
0.068449825, 0.02031327, 0.005810908, 0.015296751, 0.0040110573, 0.016719744, 0.0062980964
0.10238301, 0.03150751, 0.008282903, 0.020969357, 0.005461638, 0.027903989, 0.008257614
0.054262683, 0.016894337, 0.004099558, 0.011250089, 0.0032250932, 0.0146343615, 0.004159243
0.09744501, 0.026647108, 0.008975172, 0.021319967, 0.0066800853, 0.025738915, 0.008083757
0.055782057, 0.018925222, 0.0040383693, 0.013900624, 0.0028956854, 0.01199588, 0.00402628
0.066977955, 0.022846486, 0.004774015, 0.015823755, 0.003331872, 0.015776996, 0.00442483
0.06271603, 0.017623786, 0.0044006594, 0.015110878, 0.003836393, 0.016390841, 0.005353467
0.05074101, 0.016945912, 0.0039899154, 0.010485522, 0.00295653, 0.012468263, 0.003894866
0.076911874, 0.02609272, 0.006654813, 0.017762274, 0.005168875, 0.016324133, 0.004909059
0.10662772, 0.031497538, 0.005907775, 0.027052369, 0.005162284, 0.030110095, 0.00689766
0.06821134, 0.020767583, 0.005036219, 0.0141754635, 0.0039546806, 0.018919535, 0.0053578597
0.066355795, 0.01919671, 0.005142449, 0.0149752395, 0.003319372, 0.018584289, 0.005137737
0.07305249, 0.021656122, 0.004598042, 0.016893767, 0.003850775, 0.020096477, 0.0059573054
0.06932333, 0.026285805, 0.0064343177, 0.0153746875, 0.004547528, 0.012414804, 0.0042661903
0.071838476, 0.016859699, 0.0041762292, 0.015946891, 0.004345255, 0.024590954, 0.0059194462
0.11543928, 0.030019086, 0.0083946055, 0.028570434, 0.007468639, 0.033337846, 0.007648669
0.06936168, 0.018255254, 0.0057993336, 0.016634319, 0.0047047487, 0.018775519, 0.005192513
0.07599529, 0.016860437, 0.0047251433, 0.021305047, 0.004563356, 0.022281755, 0.006259551
0.06513264, 0.018385572, 0.0040795277, 0.016000982, 0.002900137, 0.01880911, 0.004957311
0.06642927, 0.020254862, 0.0049500326, 0.014167558, 0.0034034797, 0.017998673, 0.005654667
0.07077955, 0.01947131, 0.0057719788, 0.015123293, 0.004466341, 0.018632818, 0.0073138047
0.1248993, 0.027448755, 0.0076018353, 0.028942116, 0.0075345268, 0.04279438, 0.010577677
0.054716986, 0.015394793, 0.0042433366, 0.012242919, 0.003795317, 0.014325311, 0.004715305
0.093429506, 0.023912072, 0.008227934, 0.021466088, 0.0068816803, 0.025004297, 0.007937428
0.0538273, 0.017601214, 0.0039486736, 0.012407757, 0.0027571425, 0.013125448, 0.0039870664
0.066136815, 0.02016527, 0.00426076, 0.014683161, 0.0029675206, 0.019543638, 0.004516459
0.06836552, 0.017244678, 0.0043975413, 0.017233482, 0.004081696, 0.019832764, 0.0055753635
0.051371355, 0.016104579, 0.003808071, 0.010718072, 0.002655895, 0.013805256, 0.004279483
0.07482295, 0.021818168, 0.0068330495, 0.016089179, 0.0044992073, 0.019362297, 0.006221045
0.071258225, 0.022359252, 0.005404312, 0.016467817, 0.0033759023, 0.018958464, 0.004692476
0.06475927, 0.020558106, 0.0043944754, 0.015559122, 0.0030948343, 0.016950062, 0.0042026686
0.062023893, 0.018294502, 0.0052428357, 0.015310762, 0.0038621966, 0.014721252, 0.0045923432
0.07573669, 0.022850959, 0.0050438484, 0.017209645, 0.0036145954, 0.021288093, 0.005729545
0.06774769, 0.022796862, 0.006387119, 0.014106566, 0.0048674894, 0.014626193, 0.0049634567
0.054264568, 0.017904883, 0.0042436747, 0.01239393, 0.0031006853, 0.012639772, 0.0039816257
0.05609438, 0.017492238, 0.0033765333, 0.013326913, 0.0027331077, 0.01509941, 0.0040661762
0.052047975, 0.013610224, 0.0034957202, 0.013319822, 0.0038577411, 0.0138123855, 0.003952083
0.0542586, 0.020185782, 0.004797535, 0.010813067, 0.003202926, 0.011593047, 0.0036662454
0.05572158, 0.017610408, 0.0036229976, 0.012365161, 0.0025701467, 0.01588773, 0.0036651334
0.053855356, 0.01868263, 0.004232563, 0.011784725, 0.0028153337, 0.012464358, 0.0038757524
0.060140386, 0.017389607, 0.004981323, 0.013066171, 0.003934432, 0.015029486, 0.0057393666
0.09280968, 0.026758147, 0.007270775, 0.020823475, 0.0059346594, 0.024418619, 0.007604003
0.05406966, 0.01641924, 0.0041770637, 0.011901305, 0.0036288025, 0.013918515, 0.0040247357
0.07815199, 0.022766644, 0.0076249624, 0.01743712, 0.005390729, 0.018496383, 0.0064361524
0.06302196, 0.018649861, 0.0039908336, 0.016218396, 0.0031918068, 0.016201552, 0.004769509
0.06748122, 0.021295764, 0.0044143293, 0.015539908, 0.0030408408, 0.018661106, 0.0045292755
0.05794992, 0.015407541, 0.0041205855, 0.013655307, 0.0035722158, 0.016482137, 0.004712134
0.053455822, 0.015374834, 0.0038281349, 0.011445465, 0.0031470896, 0.015825704, 0.003834596
0.06040318, 0.018953538, 0.0049749613, 0.015078212, 0.0048595844, 0.0120668905, 0.0044699954
0.1189127, 0.03134909, 0.007260898, 0.028729063, 0.007241647, 0.033154987, 0.011177015
0.05842612, 0.018201165, 0.0056491913, 0.013182903, 0.0041109137, 0.012622613, 0.004659334
0.09578077, 0.02629112, 0.008333037, 0.022725355, 0.006172095, 0.024698157, 0.0075610043
0.07136812, 0.018907439, 0.0059640342, 0.01683785, 0.005063702, 0.018737674, 0.005857425
0.04622411, 0.014618624, 0.003174113, 0.010846839, 0.0022408236, 0.011971751, 0.0033719586
0.08848852, 0.019487515, 0.006381915, 0.02524632, 0.005133329, 0.02630091, 0.0059385337
0.055936843, 0.015270844, 0.0048636114, 0.013710702, 0.0029503151, 0.014266017, 0.0048753535
0.07312606, 0.021730706, 0.0042228163, 0.017190263, 0.0038377251, 0.021188792, 0.0049557537
0.06782902, 0.017461792, 0.003945413, 0.015428391, 0.003852699, 0.021142617, 0.0059981095
0.053480424, 0.017654885, 0.0034396509, 0.012414295, 0.0028202184, 0.013775352, 0.0033760238
0.053041097, 0.0187255, 0.0042015067, 0.011373504, 0.0031287267, 0.011727313, 0.0038845495
0.062947586, 0.017241111, 0.004481324, 0.013309274, 0.0038693454, 0.018152807, 0.005893724
0.0864911, 0.025191067, 0.0061451616, 0.020619925, 0.005106638, 0.022959303, 0.0064690015
0.050064053, 0.016279163, 0.0037761251, 0.010631395, 0.0031019745, 0.012437229, 0.0038381668
0.07522546, 0.023130136, 0.00723111, 0.017052699, 0.0054047387, 0.0166829, 0.0057238676
0.053575438, 0.017672056, 0.0036706605, 0.013358824, 0.0030234046, 0.011977209, 0.003873285
0.057218973, 0.020668082, 0.004256703, 0.013267692, 0.0028753674, 0.012844893, 0.0033062324
0.056445036, 0.015980728, 0.004162353, 0.014589493, 0.003817896, 0.013339974, 0.0045545916
0.049420856, 0.0155142015, 0.0038457054, 0.011106616, 0.0029907285, 0.012326408, 0.0036371942
0.06591917, 0.021255242, 0.0062687127, 0.015474469, 0.004493502, 0.01346234, 0.0049648997
0.079468526, 0.020962562, 0.0046811746, 0.02105188, 0.0045227585, 0.022933703, 0.005316442
0.061602127, 0.018112477, 0.0041980566, 0.014179868, 0.0027075373, 0.017926726, 0.0044774623
0.06266968, 0.018410072, 0.005474389, 0.014357328, 0.0037465969, 0.015467785, 0.005213509
0.07787983, 0.023483569, 0.0046342593, 0.018735996, 0.0037587178, 0.022173498, 0.0050937887
0.060486697, 0.016720178, 0.0046889563, 0.014700387, 0.003990473, 0.015201486, 0.005185218
0.079319455, 0.025560621, 0.0055258027, 0.015595321, 0.0033871466, 0.02289056, 0.0063600047
0.07552686, 0.026905112, 0.005359262, 0.017093537, 0.0036345748, 0.017636895, 0.004897479
0.07580081, 0.021749277, 0.007841068, 0.016581053, 0.0050043548, 0.017703671, 0.0069213794
0.08502514, 0.025356341, 0.009315899, 0.017049663, 0.005323961, 0.020509636, 0.0074696415
0.0508512, 0.015302792, 0.0035321089, 0.0120336795, 0.0024495786, 0.0145282615, 0.0030047793
0.054480325, 0.017740062, 0.003964393, 0.012828466, 0.0028010576, 0.013638555, 0.0035077946
0.06937846, 0.017562002, 0.0044865003, 0.017711494, 0.0040364405, 0.019832658, 0.005749357
0.08152539, 0.022507649, 0.005513095, 0.019759804, 0.004817987, 0.02266864, 0.0062582213
0.049871154, 0.014804784, 0.0035889335, 0.011933137, 0.0036074792, 0.012117347, 0.0038194724
0.0727437, 0.021184627, 0.006956747, 0.016339432, 0.005557356, 0.016606739, 0.0060988013
0.046853296, 0.015765343, 0.00325048, 0.0101050325, 0.0023172488, 0.011855959, 0.0035592318
0.056746934, 0.01815772, 0.0035740389, 0.012540149, 0.0025739619, 0.015842665, 0.0040583955
0.05370639, 0.01423038, 0.0035541172, 0.013923164, 0.0035364155, 0.013932251, 0.004530066
0.043497205, 0.014418641, 0.0034065768, 0.008915506, 0.0024640602, 0.010969597, 0.0033228262
0.05910246, 0.020884097, 0.0046859817, 0.013246108, 0.0036345567, 0.0126964105, 0.003955309
0.06855295, 0.026360922, 0.005562964, 0.014285759, 0.0033597134, 0.0145922275, 0.0043913657
0.06698183, 0.018216182, 0.006022986, 0.0152507145, 0.005030721, 0.016194414, 0.006266811
0.060181577, 0.020526988, 0.006152514, 0.013447236, 0.003335018, 0.013081342, 0.0036384757
0.06626043, 0.019921128, 0.0063631656, 0.015989367, 0.004385746, 0.015350458, 0.0042505614
0.055549867, 0.019625377, 0.006353821, 0.011259673, 0.0032185367, 0.0107031, 0.004389362
0.050884094, 0.015542737, 0.0030677188, 0.012238618, 0.0024340616, 0.014505934, 0.003095028
0.05582013, 0.015000459, 0.003381145, 0.01456358, 0.002739471, 0.01646933, 0.003666149
0.063049585, 0.018458348, 0.0044446113, 0.01365648, 0.0032803016, 0.018292235, 0.0049176076
0.0990584, 0.031034295, 0.006700768, 0.023510896, 0.005164296, 0.026195252, 0.0064528873
0.05116925, 0.01456268, 0.0032559773, 0.011941032, 0.0030725014, 0.014715644, 0.0036214166
0.04589716, 0.014670375, 0.0036111218, 0.010205002, 0.002780173, 0.010942412, 0.003688077
0.05924017, 0.016555924, 0.004622839, 0.013890217, 0.0038455576, 0.015230074, 0.005095556
0.069760635, 0.019468563, 0.0049845837, 0.017575052, 0.0040955413, 0.018048655, 0.0055882484
0.049429774, 0.013973018, 0.003735209, 0.011706034, 0.0028205034, 0.013742518, 0.0034524924
0.06967953, 0.01853853, 0.0062079923, 0.016530091, 0.004424268, 0.018001439, 0.0059772143
0.048904225, 0.014498867, 0.0033009388, 0.0130933225, 0.0025624332, 0.012025706, 0.003422956
0.05483853, 0.01645217, 0.0035102086, 0.014033433, 0.0028587596, 0.014525267, 0.00345869
0.052772824, 0.013932169, 0.0039421185, 0.012377228, 0.0034380085, 0.014591143, 0.0044921604
0.053287137, 0.014341507, 0.003757198, 0.012252919, 0.0031864694, 0.01588529, 0.0038637556
0.05769968, 0.015584079, 0.003387803, 0.01337694, 0.0028959522, 0.017913021, 0.004541888
0.04719217, 0.013063451, 0.0034527178, 0.010478057, 0.002515394, 0.013582557, 0.004099993
0.051732283, 0.015608004, 0.0043069692, 0.012181159, 0.0031597908, 0.012630198, 0.003846161
0.060545042, 0.015811145, 0.004889088, 0.014839642, 0.004355099, 0.015613612, 0.0050364565
0.06854304, 0.019298594, 0.004066298, 0.019166082, 0.0037946072, 0.017918782, 0.0042986693
0.08055967, 0.02465718, 0.004973895, 0.021621414, 0.0041296324, 0.019410994, 0.005766553
0.065904975, 0.017450595, 0.0038585742, 0.01585107, 0.0034003728, 0.020490691, 0.004853666
0.04335695, 0.0127991885, 0.003352975, 0.009002522, 0.0023221166, 0.011796518, 0.0040836288
0.06422375, 0.01769578, 0.0043798694, 0.017258134, 0.0039442335, 0.016765505, 0.0041802265
0.05921814, 0.015797868, 0.0032020141, 0.014050143, 0.0025438936, 0.019664582, 0.0039596413
0.047454223, 0.013749905, 0.0031892972, 0.011036184, 0.0023405205, 0.013824927, 0.0033133908
0.040759567, 0.013557175, 0.0032911575, 0.009132091, 0.0022492385, 0.009351376, 0.0031785248
0.052998208, 0.0142667135, 0.004558106, 0.012201862, 0.003795646, 0.013285842, 0.0048900405
0.07860475, 0.020449517, 0.005753823, 0.018626053, 0.004846664, 0.022479627, 0.0064490642
0.046811756, 0.012824868, 0.003696239, 0.012084039, 0.0035758587, 0.011319642, 0.0033111102
0.06815477, 0.018255556, 0.0053045014, 0.01568786, 0.0038226517, 0.019199554, 0.0058846464
0.05904312, 0.017420124, 0.0035288734, 0.015676044, 0.0029342193, 0.015331039, 0.0041528232
0.05071256, 0.0153519865, 0.0032188504, 0.013895147, 0.0025881384, 0.012653988, 0.003004449
0.061991427, 0.013461507, 0.0038220345, 0.016043816, 0.0042366944, 0.019124592, 0.005302783
0.05130101, 0.014575647, 0.0038009244, 0.0106031615, 0.0030216947, 0.015312606, 0.003986979
0.050792485, 0.014741654, 0.004494984, 0.0118794665, 0.0035951072, 0.011679424, 0.0044018477
0.07727123, 0.018707378, 0.006607026, 0.018205151, 0.0055831885, 0.020723607, 0.007444881
0.060893346, 0.015141897, 0.0032470748, 0.016930481, 0.0033363374, 0.018052708, 0.004184845
0.061179418, 0.01765487, 0.0047119297, 0.01500199, 0.0035426607, 0.015079092, 0.005188874
0.079027414, 0.020111043, 0.0035878047, 0.02232889, 0.003971859, 0.023520287, 0.005507525
0.05109193, 0.015322753, 0.002594982, 0.01271569, 0.0022034256, 0.015259468, 0.0029956154
0.047215544, 0.014193997, 0.002455113, 0.010422831, 0.0019499712, 0.015233138, 0.0029604938
0.09386641, 0.01959055, 0.005757439, 0.02356445, 0.0076604653, 0.028953047, 0.008340454
0.0717005, 0.017564233, 0.00464394, 0.018831015, 0.005625165, 0.018935656, 0.0061004893
0.07752567, 0.017331976, 0.0061253905, 0.01902381, 0.0073268004, 0.019530028, 0.008187661
0.06629549, 0.016748957, 0.0039502005, 0.014307386, 0.00344087, 0.022227265, 0.0056208037
0.06226955, 0.01700821, 0.0042582657, 0.013948219, 0.0034253777, 0.018476699, 0.0051527815
0.057290122, 0.015394835, 0.0041646147, 0.013596144, 0.0033099188, 0.015999254, 0.0048253546
0.10384226, 0.020882709, 0.0049894764, 0.027514711, 0.005660558, 0.037022773, 0.0077720294
0.048154008, 0.015480361, 0.0038741382, 0.0103044715, 0.0024359678, 0.012906483, 0.003152583
0.098487675, 0.022131683, 0.0072012227, 0.025363974, 0.0071913693, 0.028600194, 0.007999236
0.045527827, 0.014425375, 0.0031640343, 0.01156592, 0.002644584, 0.010732579, 0.0029953332
0.05932813, 0.017895047, 0.0038694148, 0.01618164, 0.0035773301, 0.014130829, 0.0036738755
0.06225031, 0.014373265, 0.0036477605, 0.016384963, 0.0040886533, 0.018522458, 0.0052332147
0.05306316, 0.014439002, 0.0034817192, 0.013827027, 0.003293024, 0.014218101, 0.0038042897
0.052853562, 0.01564214, 0.00443589, 0.012604583, 0.0040542753, 0.011732407, 0.004384269
0.062056266, 0.017615117, 0.0052125854, 0.015083868, 0.0043959673, 0.015247627, 0.0045010988
0.09272437, 0.023012124, 0.007951805, 0.02045086, 0.006363302, 0.027144155, 0.0078021204
0.10037652, 0.022061486, 0.005945016, 0.029800348, 0.005499107, 0.030530801, 0.0065397522
0.07772565, 0.02114415, 0.0047573997, 0.020643167, 0.0040089255, 0.02128603, 0.0058859717
0.081675746, 0.019020036, 0.0045115296, 0.023182202, 0.003997859, 0.024711732, 0.0062523857
0.076040275, 0.021791987, 0.0039042183, 0.018668756, 0.0032648179, 0.023162376, 0.005248122
0.046207964, 0.013609572, 0.0034093529, 0.011015186, 0.0031869705, 0.011474311, 0.0035125704
0.06741257, 0.01844417, 0.004612919, 0.015942078, 0.0045832777, 0.018476192, 0.005353937
0.08625992, 0.023881722, 0.008870047, 0.01725683, 0.006205905, 0.021654405, 0.008391005
0.047835454, 0.013838157, 0.0028422624, 0.011499879, 0.0024893607, 0.013768854, 0.003396944
0.056254014, 0.016233027, 0.0035295659, 0.014163744, 0.0032623217, 0.014882766, 0.0041825874
0.07676348, 0.019529663, 0.004619334, 0.019705623, 0.004489018, 0.021713024, 0.006706819
0.06877641, 0.016594067, 0.0036529044, 0.016753327, 0.0035857342, 0.022324562, 0.005865815
0.05475998, 0.014629011, 0.0039298623, 0.01114628, 0.0037099873, 0.016497444, 0.0048473952
0.08621078, 0.020434689, 0.006623977, 0.019741556, 0.00621054, 0.025333392, 0.0078666285
0.043177944, 0.014151812, 0.0031075529, 0.010244012, 0.0025004162, 0.009975903, 0.0031982472
0.05811823, 0.016676776, 0.0034203134, 0.013555145, 0.0027341945, 0.017643262, 0.0040885415
0.05726262, 0.014124884, 0.0034294697, 0.0140048005, 0.0032191183, 0.017890412, 0.0045939353
0.04580804, 0.014565522, 0.0033575336, 0.010088347, 0.002350705, 0.0120943915, 0.003351539
0.085926, 0.02629685, 0.00541166, 0.020514527, 0.0039020272, 0.024389528, 0.0054114116
0.058950588, 0.014909163, 0.004295228, 0.013895928, 0.003957327, 0.01737625, 0.0045166924
0.068573214, 0.019239753, 0.0050709313, 0.01594003, 0.004366451, 0.019031456, 0.004924592
0.04583983, 0.014704337, 0.0035686188, 0.010225349, 0.0028470124, 0.01085003, 0.0036444822
0.056663148, 0.016008053, 0.0036095777, 0.013446104, 0.0032046544, 0.015907612, 0.0044871503
0.072732106, 0.020683076, 0.0050682668, 0.017193638, 0.0041368855, 0.019511657, 0.0061385776
0.097008616, 0.023681965, 0.0059073726, 0.025154052, 0.0053040553, 0.02915616, 0.0078050196
0.060352538, 0.016906023, 0.004397069, 0.015205793, 0.0030180162, 0.016431503, 0.0043941312
0.044412237, 0.014092185, 0.0035404363, 0.009978589, 0.002298238, 0.010981258, 0.003521533
0.052477792, 0.013805527, 0.0028255566, 0.013064415, 0.002802776, 0.015715402, 0.004264118
0.05217938, 0.012193969, 0.0026305406, 0.013002069, 0.0029328289, 0.0177812, 0.0036387723
0.043285593, 0.0123445, 0.0028154878, 0.009987462, 0.0023967158, 0.012443272, 0.0032981578
0.04662063, 0.012945546, 0.0035734596, 0.010217433, 0.0029192246, 0.01250854, 0.004456425
0.07052027, 0.01717614, 0.003950402, 0.01881776, 0.0039217575, 0.021077156, 0.0055770474
0.042147357, 0.0119953435, 0.0031593286, 0.009568619, 0.0025210772, 0.011603397, 0.0032995907
0.060484573, 0.014756486, 0.0046385378, 0.013406622, 0.0038055736, 0.018071936, 0.0058054198
0.043848302, 0.011592852, 0.002545349, 0.010193566, 0.002312303, 0.013309948, 0.0038942844
0.046013974, 0.013350116, 0.0027974052, 0.011367226, 0.0023287581, 0.012885441, 0.0032850292
0.050581485, 0.011002455, 0.0029154357, 0.012531191, 0.003175753, 0.016587984, 0.004368671
0.042091202, 0.011001572, 0.0027176486, 0.009109427, 0.0023376115, 0.01385249, 0.0030724502
0.0572026, 0.01347309, 0.0032370766, 0.013438549, 0.0034069254, 0.018745808, 0.0049011484
0.06486279, 0.019689005, 0.0043895617, 0.017262615, 0.0037578798, 0.01569831, 0.00406542
0.041605342, 0.010210772, 0.0029066098, 0.010088408, 0.0028963313, 0.01173483, 0.0037683882
0.04917741, 0.013419472, 0.0033440127, 0.0118690245, 0.0028047538, 0.013747925, 0.0039922222
0.04022662, 0.012403857, 0.0033302354, 0.008762477, 0.0024004604, 0.010360399, 0.0029691928
0.07995497, 0.020117594, 0.004817779, 0.020223461, 0.0042370255, 0.0244578, 0.0061013065
0.06421987, 0.016206034, 0.0038960492, 0.016953774, 0.0035856979, 0.019133678, 0.0044446336
0.046425305, 0.012376162, 0.0031574336, 0.011818113, 0.0025154944, 0.012992109, 0.003565995
0.05646807, 0.015534193, 0.003888718, 0.013460087, 0.0032386505, 0.015750011, 0.004596412
0.05037685, 0.015436454, 0.0036925417, 0.012150817, 0.002978927, 0.012511721, 0.0036063902
0.042470124, 0.012792905, 0.0028773593, 0.009979604, 0.0022499154, 0.011620931, 0.0029494101
0.03507015, 0.010455958, 0.0025445633, 0.008311585, 0.0021263873, 0.008747726, 0.0028839312
0.04311754, 0.011861461, 0.0035468526, 0.009708434, 0.00283218, 0.011174571, 0.003994043
0.060023393, 0.015714303, 0.0039010886, 0.015096291, 0.0036112827, 0.017084926, 0.0046155034
0.040927917, 0.012758426, 0.003638686, 0.009662298, 0.002800109, 0.0093296785, 0.0027387186
0.052655306, 0.012534334, 0.0036286619, 0.011642732, 0.003028393, 0.016857436, 0.004963752
0.04411474, 0.012965691, 0.0024776994, 0.010703906, 0.002088153, 0.012448043, 0.0034312462
0.039343547, 0.013232408, 0.0025746354, 0.009141625, 0.001885875, 0.010030299, 0.0024787085
0.046280883, 0.011083785, 0.0029118867, 0.010952676, 0.0031690132, 0.014068403, 0.0040951166
0.041702066, 0.011335674, 0.0027555833, 0.009313241, 0.0024869435, 0.012798095, 0.0030125258